3457
0 0 0 9
0 10 0 19
0 20 0 29
0 50 0 59
0 60 0 69
0 70 0 79
0 80 0 89
0 90 0 99
0 100 0 109
0 110 0 119
0 130 0 139
0 140 0 149
0 150 0 159
0 160 0 169
0 170 0 179
0 180 0 189
0 190 0 199
0 200 0 209
0 210 0 219
0 230 0 239
0 240 0 249
1 0 1 11
1 24 1 35
1 36 1 47
1 60 1 71
1 72 1 83
1 84 1 95
1 96 1 107
1 108 1 119
1 120 1 131
1 132 1 143
1 144 1 155
1 156 1 167
1 168 1 179
1 180 1 191
1 204 1 215
1 216 1 227
1 228 1 239
2 11 2 21
2 22 2 32
2 33 2 43
2 44 2 54
2 55 2 65
2 77 2 87
2 88 2 98
2 99 2 109
2 110 2 120
2 121 2 131
2 132 2 142
2 143 2 153
2 154 2 164
2 165 2 175
2 176 2 186
2 198 2 208
2 209 2 219
2 220 2 230
2 231 2 241
3 0 3 11
3 12 3 23
3 24 3 35
3 36 3 47
3 48 3 59
3 60 3 71
3 72 3 83
3 84 3 95
3 96 3 107
3 108 3 119
3 120 3 131
3 132 3 143
3 144 3 155
3 156 3 167
3 180 3 191
3 204 3 215
3 216 3 227
3 228 3 239
4 0 4 11
4 12 4 23
4 24 4 35
4 36 4 47
4 48 4 59
4 60 4 71
4 72 4 83
4 84 4 95
4 108 4 119
4 120 4 131
4 132 4 143
4 144 4 155
4 156 4 167
4 180 4 191
4 192 4 203
4 204 4 215
4 216 4 227
4 228 4 239
5 0 5 11
5 12 5 23
5 24 5 35
5 36 5 47
5 60 5 71
5 72 5 83
5 84 5 95
5 96 5 107
5 108 5 119
5 120 5 131
5 132 5 143
5 144 5 155
5 156 5 167
5 168 5 179
5 180 5 191
5 192 5 203
5 204 5 215
5 216 5 227
5 228 5 239
6 0 6 10
6 11 6 21
6 22 6 32
6 33 6 43
6 55 6 65
6 77 6 87
6 88 6 98
6 99 6 109
6 110 6 120
6 121 6 131
6 132 6 142
6 143 6 153
6 154 6 164
6 165 6 175
6 176 6 186
6 187 6 197
6 198 6 208
6 231 6 241
7 0 7 10
7 11 7 21
7 22 7 32
7 33 7 43
7 44 7 54
7 55 7 65
7 77 7 87
7 88 7 98
7 99 7 109
7 110 7 120
7 121 7 131
7 132 7 142
7 143 7 153
7 154 7 164
7 165 7 175
7 176 7 186
7 187 7 197
7 209 7 219
7 220 7 230
7 231 7 241
8 0 8 10
8 11 8 21
8 22 8 32
8 33 8 43
8 44 8 54
8 55 8 65
8 66 8 76
8 77 8 87
8 88 8 98
8 110 8 120
8 121 8 131
8 132 8 142
8 143 8 153
8 154 8 164
8 165 8 175
8 176 8 186
8 187 8 197
8 198 8 208
8 209 8 219
8 231 8 241
9 11 9 21
9 22 9 32
9 33 9 43
9 44 9 54
9 55 9 65
9 66 9 76
9 77 9 87
9 88 9 98
9 110 9 120
9 121 9 131
9 132 9 142
9 165 9 175
9 176 9 186
9 187 9 197
9 198 9 208
9 209 9 219
9 231 9 241
10 0 10 9
10 10 10 19
10 30 10 39
10 40 10 49
10 50 10 59
10 60 10 69
10 70 10 79
10 80 10 89
10 90 10 99
10 100 10 109
10 120 10 129
10 130 10 139
10 140 10 149
10 150 10 159
10 160 10 169
10 180 10 189
10 200 10 209
10 210 10 219
10 220 10 229
10 230 10 239
10 240 10 249
11 0 11 11
11 12 11 23
11 24 11 35
11 48 11 59
11 60 11 71
11 72 11 83
11 84 11 95
11 96 11 107
11 108 11 119
11 120 11 131
11 144 11 155
11 168 11 179
11 180 11 191
11 192 11 203
11 204 11 215
11 216 11 227
11 228 11 239
12 0 12 11
12 12 12 23
12 24 12 35
12 60 12 71
12 72 12 83
12 84 12 95
12 96 12 107
12 132 12 143
12 144 12 155
12 156 12 167
12 168 12 179
12 180 12 191
12 192 12 203
12 204 12 215
12 216 12 227
12 228 12 239
13 0 13 11
13 12 13 23
13 24 13 35
13 36 13 47
13 48 13 59
13 60 13 71
13 84 13 95
13 96 13 107
13 108 13 119
13 120 13 131
13 132 13 143
13 156 13 167
13 180 13 191
13 192 13 203
13 204 13 215
13 216 13 227
13 228 13 239
14 0 14 10
14 11 14 21
14 22 14 32
14 33 14 43
14 44 14 54
14 66 14 76
14 77 14 87
14 88 14 98
14 110 14 120
14 121 14 131
14 143 14 153
14 165 14 175
14 187 14 197
14 198 14 208
14 220 14 230
14 231 14 241
15 0 15 11
15 24 15 35
15 48 15 59
15 60 15 71
15 72 15 83
15 96 15 107
15 108 15 119
15 120 15 131
15 132 15 143
15 144 15 155
15 156 15 167
15 168 15 179
15 180 15 191
15 192 15 203
15 204 15 215
15 216 15 227
16 0 16 10
16 11 16 21
16 22 16 32
16 33 16 43
16 44 16 54
16 55 16 65
16 66 16 76
16 77 16 87
16 88 16 98
16 99 16 109
16 110 16 120
16 121 16 131
16 143 16 153
16 154 16 164
16 165 16 175
16 176 16 186
16 187 16 197
16 198 16 208
16 209 16 219
16 231 16 241
17 0 17 11
17 12 17 23
17 24 17 35
17 36 17 47
17 48 17 59
17 60 17 71
17 72 17 83
17 96 17 107
17 120 17 131
17 132 17 143
17 144 17 155
17 156 17 167
17 168 17 179
17 180 17 191
17 204 17 215
17 216 17 227
17 228 17 239
18 0 18 10
18 11 18 21
18 22 18 32
18 33 18 43
18 44 18 54
18 55 18 65
18 77 18 87
18 88 18 98
18 99 18 109
18 110 18 120
18 132 18 142
18 143 18 153
18 165 18 175
18 176 18 186
18 187 18 197
18 198 18 208
18 209 18 219
18 220 18 230
18 231 18 241
19 22 19 32
19 33 19 43
19 44 19 54
19 55 19 65
19 66 19 76
19 77 19 87
19 88 19 98
19 99 19 109
19 121 19 131
19 132 19 142
19 143 19 153
19 154 19 164
19 165 19 175
19 176 19 186
19 187 19 197
19 198 19 208
19 209 19 219
20 0 20 10
20 11 20 21
20 22 20 32
20 33 20 43
20 44 20 54
20 55 20 65
20 66 20 76
20 77 20 87
20 99 20 109
20 154 20 164
20 165 20 175
20 176 20 186
20 187 20 197
20 209 20 219
20 220 20 230
20 231 20 241
21 0 21 10
21 11 21 21
21 22 21 32
21 33 21 43
21 55 21 65
21 66 21 76
21 77 21 87
21 88 21 98
21 99 21 109
21 110 21 120
21 121 21 131
21 132 21 142
21 143 21 153
21 154 21 164
21 165 21 175
21 176 21 186
21 198 21 208
21 209 21 219
21 220 21 230
21 231 21 241
22 0 22 10
22 11 22 21
22 22 22 32
22 33 22 43
22 44 22 54
22 55 22 65
22 66 22 76
22 88 22 98
22 99 22 109
22 110 22 120
22 121 22 131
22 132 22 142
22 143 22 153
22 154 22 164
22 165 22 175
22 176 22 186
22 187 22 197
22 198 22 208
22 209 22 219
22 220 22 230
22 231 22 241
23 0 23 11
23 12 23 23
23 24 23 35
23 36 23 47
23 48 23 59
23 60 23 71
23 72 23 83
23 84 23 95
23 96 23 107
23 132 23 143
23 144 23 155
23 156 23 167
23 168 23 179
23 180 23 191
23 192 23 203
23 204 23 215
23 216 23 227
23 228 23 239
24 0 24 11
24 12 24 23
24 24 24 35
24 36 24 47
24 48 24 59
24 60 24 71
24 72 24 83
24 84 24 95
24 96 24 107
24 120 24 131
24 132 24 143
24 144 24 155
24 156 24 167
24 180 24 191
24 192 24 203
24 204 24 215
24 216 24 227
25 0 25 10
25 11 25 21
25 22 25 32
25 33 25 43
25 44 25 54
25 66 25 76
25 77 25 87
25 88 25 98
25 99 25 109
25 110 25 120
25 121 25 131
25 143 25 153
25 165 25 175
25 176 25 186
25 198 25 208
25 209 25 219
25 220 25 230
26 0 26 10
26 11 26 21
26 22 26 32
26 33 26 43
26 44 26 54
26 55 26 65
26 66 26 76
26 77 26 87
26 88 26 98
26 99 26 109
26 121 26 131
26 154 26 164
26 165 26 175
26 176 26 186
26 187 26 197
26 198 26 208
26 220 26 230
26 231 26 241
27 0 27 10
27 11 27 21
27 22 27 32
27 44 27 54
27 77 27 87
27 110 27 120
27 121 27 131
27 132 27 142
27 143 27 153
27 165 27 175
27 176 27 186
27 187 27 197
27 198 27 208
27 209 27 219
27 220 27 230
28 0 28 10
28 11 28 21
28 22 28 32
28 33 28 43
28 44 28 54
28 55 28 65
28 66 28 76
28 88 28 98
28 99 28 109
28 110 28 120
28 154 28 164
28 165 28 175
28 176 28 186
28 187 28 197
28 198 28 208
28 209 28 219
28 231 28 241
29 0 29 10
29 11 29 21
29 22 29 32
29 33 29 43
29 55 29 65
29 77 29 87
29 88 29 98
29 99 29 109
29 110 29 120
29 121 29 131
29 132 29 142
29 143 29 153
29 154 29 164
29 165 29 175
29 187 29 197
29 198 29 208
29 220 29 230
29 231 29 241
30 0 30 10
30 11 30 21
30 33 30 43
30 44 30 54
30 55 30 65
30 66 30 76
30 77 30 87
30 88 30 98
30 99 30 109
30 110 30 120
30 121 30 131
30 132 30 142
30 143 30 153
30 154 30 164
30 165 30 175
30 176 30 186
30 187 30 197
30 198 30 208
30 209 30 219
30 220 30 230
30 231 30 241
31 0 31 11
31 12 31 23
31 36 31 47
31 60 31 71
31 72 31 83
31 84 31 95
31 96 31 107
31 108 31 119
31 132 31 143
31 144 31 155
31 156 31 167
31 168 31 179
31 192 31 203
31 204 31 215
31 216 31 227
31 228 31 239
32 0 32 11
32 12 32 23
32 24 32 35
32 36 32 47
32 48 32 59
32 60 32 71
32 84 32 95
32 96 32 107
32 120 32 131
32 132 32 143
32 144 32 155
32 156 32 167
32 168 32 179
32 180 32 191
32 192 32 203
32 204 32 215
32 228 32 239
33 0 33 10
33 11 33 21
33 22 33 32
33 44 33 54
33 55 33 65
33 66 33 76
33 77 33 87
33 88 33 98
33 99 33 109
33 121 33 131
33 143 33 153
33 165 33 175
33 176 33 186
33 209 33 219
33 220 33 230
33 231 33 241
34 24 34 35
34 36 34 47
34 48 34 59
34 72 34 83
34 108 34 119
34 120 34 131
34 132 34 143
34 144 34 155
34 156 34 167
34 168 34 179
34 180 34 191
34 192 34 203
34 204 34 215
34 216 34 227
34 228 34 239
35 12 35 23
35 24 35 35
35 36 35 47
35 48 35 59
35 60 35 71
35 72 35 83
35 84 35 95
35 96 35 107
35 108 35 119
35 120 35 131
35 132 35 143
35 144 35 155
35 156 35 167
35 168 35 179
35 192 35 203
35 204 35 215
35 216 35 227
35 228 35 239
36 0 36 11
36 12 36 23
36 24 36 35
36 48 36 59
36 60 36 71
36 72 36 83
36 84 36 95
36 108 36 119
36 120 36 131
36 132 36 143
36 156 36 167
36 168 36 179
36 180 36 191
36 192 36 203
36 204 36 215
36 228 36 239
37 0 37 10
37 33 37 43
37 44 37 54
37 55 37 65
37 77 37 87
37 88 37 98
37 99 37 109
37 110 37 120
37 121 37 131
37 132 37 142
37 143 37 153
37 165 37 175
37 176 37 186
37 187 37 197
37 198 37 208
37 209 37 219
37 231 37 241
38 0 38 10
38 11 38 21
38 22 38 32
38 33 38 43
38 44 38 54
38 55 38 65
38 66 38 76
38 88 38 98
38 99 38 109
38 132 38 142
38 143 38 153
38 154 38 164
38 176 38 186
38 187 38 197
38 198 38 208
38 209 38 219
38 220 38 230
38 231 38 241
39 11 39 21
39 22 39 32
39 33 39 43
39 44 39 54
39 66 39 76
39 77 39 87
39 88 39 98
39 99 39 109
39 110 39 120
39 121 39 131
39 132 39 142
39 143 39 153
39 154 39 164
39 165 39 175
39 176 39 186
39 187 39 197
39 198 39 208
39 209 39 219
39 220 39 230
40 10 40 19
40 30 40 39
40 40 40 49
40 50 40 59
40 70 40 79
40 80 40 89
40 90 40 99
40 130 40 139
40 140 40 149
40 150 40 159
40 160 40 169
40 170 40 179
40 180 40 189
40 190 40 199
40 200 40 209
40 210 40 219
40 220 40 229
40 240 40 249
41 0 41 11
41 12 41 23
41 36 41 47
41 48 41 59
41 60 41 71
41 72 41 83
41 84 41 95
41 96 41 107
41 108 41 119
41 120 41 131
41 132 41 143
41 144 41 155
41 156 41 167
41 168 41 179
41 180 41 191
41 192 41 203
41 216 41 227
41 228 41 239
42 0 42 10
42 22 42 32
42 44 42 54
42 55 42 65
42 77 42 87
42 88 42 98
42 99 42 109
42 110 42 120
42 121 42 131
42 132 42 142
42 143 42 153
42 154 42 164
42 165 42 175
42 176 42 186
42 187 42 197
42 198 42 208
42 209 42 219
42 220 42 230
42 231 42 241
43 0 43 11
43 24 43 35
43 36 43 47
43 48 43 59
43 72 43 83
43 84 43 95
43 96 43 107
43 108 43 119
43 120 43 131
43 132 43 143
43 144 43 155
43 156 43 167
43 168 43 179
43 180 43 191
43 192 43 203
43 204 43 215
44 0 44 11
44 12 44 23
44 24 44 35
44 36 44 47
44 48 44 59
44 72 44 83
44 84 44 95
44 96 44 107
44 108 44 119
44 120 44 131
44 132 44 143
44 144 44 155
44 156 44 167
44 168 44 179
44 180 44 191
44 192 44 203
44 204 44 215
44 216 44 227
45 0 45 10
45 11 45 21
45 22 45 32
45 33 45 43
45 44 45 54
45 55 45 65
45 66 45 76
45 77 45 87
45 88 45 98
45 99 45 109
45 110 45 120
45 121 45 131
45 132 45 142
45 143 45 153
45 154 45 164
45 165 45 175
45 176 45 186
45 187 45 197
45 198 45 208
45 209 45 219
45 220 45 230
45 231 45 241
46 11 46 21
46 22 46 32
46 33 46 43
46 44 46 54
46 66 46 76
46 88 46 98
46 110 46 120
46 121 46 131
46 132 46 142
46 143 46 153
46 154 46 164
46 165 46 175
46 176 46 186
46 187 46 197
46 198 46 208
46 209 46 219
46 220 46 230
46 231 46 241
47 0 47 11
47 12 47 23
47 24 47 35
47 36 47 47
47 48 47 59
47 60 47 71
47 72 47 83
47 84 47 95
47 96 47 107
47 108 47 119
47 120 47 131
47 144 47 155
47 156 47 167
47 168 47 179
47 180 47 191
47 192 47 203
47 216 47 227
48 22 48 32
48 33 48 43
48 44 48 54
48 55 48 65
48 77 48 87
48 88 48 98
48 99 48 109
48 121 48 131
48 143 48 153
48 154 48 164
48 165 48 175
48 176 48 186
48 187 48 197
48 198 48 208
48 209 48 219
48 220 48 230
48 231 48 241
49 0 49 9
49 10 49 19
49 20 49 29
49 30 49 39
49 40 49 49
49 70 49 79
49 90 49 99
49 110 49 119
49 120 49 129
49 130 49 139
49 140 49 149
49 150 49 159
49 160 49 169
49 170 49 179
49 190 49 199
49 200 49 209
49 210 49 219
49 230 49 239
49 240 49 249
50 12 50 23
50 24 50 35
50 36 50 47
50 48 50 59
50 60 50 71
50 72 50 83
50 84 50 95
50 96 50 107
50 120 50 131
50 132 50 143
50 156 50 167
50 168 50 179
50 180 50 191
50 192 50 203
50 204 50 215
50 216 50 227
50 228 50 239
51 0 51 10
51 11 51 21
51 22 51 32
51 33 51 43
51 44 51 54
51 66 51 76
51 88 51 98
51 99 51 109
51 110 51 120
51 121 51 131
51 132 51 142
51 143 51 153
51 154 51 164
51 165 51 175
51 176 51 186
51 187 51 197
51 198 51 208
51 209 51 219
51 220 51 230
51 231 51 241
52 0 52 11
52 12 52 23
52 24 52 35
52 60 52 71
52 72 52 83
52 84 52 95
52 96 52 107
52 132 52 143
52 144 52 155
52 156 52 167
52 204 52 215
52 216 52 227
53 0 53 10
53 11 53 21
53 22 53 32
53 33 53 43
53 44 53 54
53 55 53 65
53 66 53 76
53 77 53 87
53 88 53 98
53 99 53 109
53 110 53 120
53 121 53 131
53 132 53 142
53 143 53 153
53 165 53 175
53 176 53 186
53 187 53 197
53 198 53 208
53 209 53 219
53 220 53 230
53 231 53 241
54 0 54 10
54 11 54 21
54 22 54 32
54 33 54 43
54 44 54 54
54 66 54 76
54 77 54 87
54 88 54 98
54 99 54 109
54 132 54 142
54 143 54 153
54 154 54 164
54 165 54 175
54 187 54 197
54 209 54 219
54 220 54 230
55 0 55 10
55 11 55 21
55 22 55 32
55 33 55 43
55 55 55 65
55 66 55 76
55 88 55 98
55 99 55 109
55 121 55 131
55 132 55 142
55 143 55 153
55 154 55 164
55 165 55 175
55 176 55 186
55 187 55 197
55 209 55 219
55 220 55 230
55 231 55 241
56 0 56 9
56 10 56 19
56 30 56 39
56 40 56 49
56 50 56 59
56 60 56 69
56 70 56 79
56 80 56 89
56 90 56 99
56 100 56 109
56 110 56 119
56 120 56 129
56 140 56 149
56 150 56 159
56 160 56 169
56 170 56 179
56 180 56 189
56 190 56 199
56 210 56 219
56 240 56 249
57 0 57 10
57 11 57 21
57 22 57 32
57 33 57 43
57 55 57 65
57 66 57 76
57 77 57 87
57 88 57 98
57 110 57 120
57 121 57 131
57 132 57 142
57 154 57 164
57 165 57 175
57 176 57 186
57 187 57 197
57 198 57 208
57 209 57 219
57 231 57 241
58 0 58 10
58 11 58 21
58 22 58 32
58 33 58 43
58 44 58 54
58 55 58 65
58 66 58 76
58 77 58 87
58 88 58 98
58 99 58 109
58 110 58 120
58 121 58 131
58 143 58 153
58 154 58 164
58 165 58 175
58 176 58 186
58 187 58 197
58 198 58 208
58 209 58 219
58 220 58 230
59 0 59 10
59 11 59 21
59 22 59 32
59 33 59 43
59 44 59 54
59 55 59 65
59 66 59 76
59 88 59 98
59 99 59 109
59 110 59 120
59 132 59 142
59 143 59 153
59 154 59 164
59 176 59 186
59 187 59 197
59 231 59 241
60 12 60 23
60 24 60 35
60 36 60 47
60 60 60 71
60 72 60 83
60 120 60 131
60 132 60 143
60 144 60 155
60 156 60 167
60 168 60 179
60 192 60 203
60 204 60 215
60 216 60 227
60 228 60 239
61 0 61 10
61 11 61 21
61 33 61 43
61 44 61 54
61 55 61 65
61 66 61 76
61 88 61 98
61 99 61 109
61 121 61 131
61 132 61 142
61 143 61 153
61 154 61 164
61 165 61 175
61 187 61 197
61 198 61 208
61 209 61 219
61 220 61 230
61 231 61 241
62 0 62 10
62 11 62 21
62 22 62 32
62 33 62 43
62 44 62 54
62 55 62 65
62 88 62 98
62 110 62 120
62 132 62 142
62 143 62 153
62 154 62 164
62 176 62 186
62 187 62 197
62 209 62 219
62 220 62 230
62 231 62 241
63 12 63 23
63 24 63 35
63 36 63 47
63 48 63 59
63 60 63 71
63 72 63 83
63 84 63 95
63 96 63 107
63 108 63 119
63 120 63 131
63 132 63 143
63 144 63 155
63 156 63 167
63 168 63 179
63 204 63 215
63 216 63 227
63 228 63 239
64 0 64 11
64 12 64 23
64 36 64 47
64 48 64 59
64 96 64 107
64 108 64 119
64 132 64 143
64 144 64 155
64 156 64 167
64 192 64 203
64 216 64 227
65 22 65 32
65 33 65 43
65 44 65 54
65 55 65 65
65 66 65 76
65 77 65 87
65 88 65 98
65 99 65 109
65 110 65 120
65 121 65 131
65 132 65 142
65 143 65 153
65 154 65 164
65 165 65 175
65 176 65 186
65 187 65 197
65 198 65 208
65 209 65 219
65 220 65 230
65 231 65 241
66 0 66 10
66 11 66 21
66 22 66 32
66 33 66 43
66 44 66 54
66 55 66 65
66 77 66 87
66 99 66 109
66 110 66 120
66 121 66 131
66 132 66 142
66 143 66 153
66 154 66 164
66 165 66 175
66 187 66 197
66 209 66 219
66 220 66 230
66 231 66 241
67 0 67 10
67 11 67 21
67 22 67 32
67 33 67 43
67 44 67 54
67 55 67 65
67 66 67 76
67 77 67 87
67 88 67 98
67 99 67 109
67 110 67 120
67 132 67 142
67 143 67 153
67 154 67 164
67 187 67 197
67 198 67 208
67 209 67 219
67 231 67 241
68 0 68 10
68 11 68 21
68 22 68 32
68 44 68 54
68 55 68 65
68 66 68 76
68 88 68 98
68 99 68 109
68 110 68 120
68 121 68 131
68 143 68 153
68 165 68 175
68 187 68 197
68 198 68 208
68 209 68 219
68 220 68 230
69 0 69 9
69 20 69 29
69 30 69 39
69 40 69 49
69 50 69 59
69 60 69 69
69 70 69 79
69 80 69 89
69 120 69 129
69 130 69 139
69 150 69 159
69 160 69 169
69 170 69 179
69 180 69 189
69 190 69 199
69 200 69 209
69 210 69 219
69 220 69 229
69 230 69 239
69 240 69 249
70 0 70 11
70 12 70 23
70 24 70 35
70 36 70 47
70 48 70 59
70 60 70 71
70 84 70 95
70 96 70 107
70 108 70 119
70 120 70 131
70 132 70 143
70 144 70 155
70 168 70 179
70 180 70 191
70 192 70 203
70 204 70 215
70 216 70 227
71 0 71 10
71 11 71 21
71 33 71 43
71 44 71 54
71 55 71 65
71 66 71 76
71 77 71 87
71 88 71 98
71 99 71 109
71 110 71 120
71 121 71 131
71 132 71 142
71 143 71 153
71 154 71 164
71 165 71 175
71 187 71 197
71 209 71 219
71 220 71 230
71 231 71 241
72 0 72 11
72 12 72 23
72 24 72 35
72 48 72 59
72 60 72 71
72 72 72 83
72 84 72 95
72 96 72 107
72 108 72 119
72 120 72 131
72 132 72 143
72 156 72 167
72 168 72 179
72 180 72 191
72 192 72 203
72 204 72 215
72 216 72 227
73 0 73 11
73 12 73 23
73 24 73 35
73 72 73 83
73 84 73 95
73 96 73 107
73 108 73 119
73 120 73 131
73 132 73 143
73 168 73 179
73 180 73 191
73 192 73 203
73 204 73 215
73 216 73 227
73 228 73 239
74 12 74 23
74 24 74 35
74 36 74 47
74 48 74 59
74 60 74 71
74 72 74 83
74 84 74 95
74 96 74 107
74 108 74 119
74 120 74 131
74 132 74 143
74 144 74 155
74 156 74 167
74 168 74 179
74 180 74 191
74 192 74 203
74 204 74 215
74 228 74 239
75 0 75 11
75 12 75 23
75 24 75 35
75 48 75 59
75 72 75 83
75 96 75 107
75 108 75 119
75 132 75 143
75 156 75 167
75 180 75 191
75 192 75 203
75 204 75 215
75 228 75 239
76 0 76 10
76 11 76 21
76 22 76 32
76 33 76 43
76 55 76 65
76 66 76 76
76 77 76 87
76 88 76 98
76 99 76 109
76 110 76 120
76 121 76 131
76 132 76 142
76 143 76 153
76 187 76 197
76 198 76 208
76 209 76 219
76 220 76 230
76 231 76 241
77 0 77 11
77 12 77 23
77 24 77 35
77 36 77 47
77 48 77 59
77 60 77 71
77 72 77 83
77 84 77 95
77 120 77 131
77 132 77 143
77 156 77 167
77 168 77 179
77 180 77 191
77 192 77 203
77 204 77 215
77 216 77 227
77 228 77 239
78 0 78 10
78 11 78 21
78 22 78 32
78 33 78 43
78 44 78 54
78 55 78 65
78 66 78 76
78 77 78 87
78 88 78 98
78 99 78 109
78 110 78 120
78 121 78 131
78 132 78 142
78 154 78 164
78 165 78 175
78 176 78 186
78 187 78 197
78 198 78 208
78 220 78 230
78 231 78 241
79 0 79 11
79 12 79 23
79 24 79 35
79 36 79 47
79 48 79 59
79 60 79 71
79 84 79 95
79 96 79 107
79 108 79 119
79 120 79 131
79 132 79 143
79 144 79 155
79 156 79 167
79 168 79 179
79 180 79 191
79 204 79 215
79 216 79 227
79 228 79 239
80 0 80 10
80 22 80 32
80 33 80 43
80 44 80 54
80 55 80 65
80 66 80 76
80 77 80 87
80 88 80 98
80 99 80 109
80 121 80 131
80 132 80 142
80 143 80 153
80 154 80 164
80 165 80 175
80 176 80 186
80 209 80 219
80 220 80 230
81 0 81 10
81 11 81 21
81 22 81 32
81 33 81 43
81 44 81 54
81 55 81 65
81 66 81 76
81 77 81 87
81 88 81 98
81 99 81 109
81 110 81 120
81 121 81 131
81 132 81 142
81 165 81 175
81 176 81 186
81 198 81 208
81 220 81 230
82 0 82 11
82 12 82 23
82 24 82 35
82 36 82 47
82 48 82 59
82 60 82 71
82 72 82 83
82 84 82 95
82 96 82 107
82 108 82 119
82 120 82 131
82 132 82 143
82 144 82 155
82 180 82 191
82 192 82 203
82 204 82 215
82 216 82 227
82 228 82 239
83 0 83 9
83 10 83 19
83 20 83 29
83 30 83 39
83 50 83 59
83 60 83 69
83 70 83 79
83 80 83 89
83 90 83 99
83 100 83 109
83 110 83 119
83 120 83 129
83 130 83 139
83 140 83 149
83 150 83 159
83 170 83 179
83 180 83 189
83 190 83 199
83 210 83 219
83 230 83 239
83 240 83 249
84 11 84 21
84 22 84 32
84 44 84 54
84 66 84 76
84 88 84 98
84 99 84 109
84 110 84 120
84 121 84 131
84 132 84 142
84 143 84 153
84 154 84 164
84 165 84 175
84 176 84 186
84 187 84 197
84 209 84 219
84 231 84 241
85 12 85 23
85 24 85 35
85 48 85 59
85 60 85 71
85 72 85 83
85 96 85 107
85 132 85 143
85 144 85 155
85 156 85 167
85 168 85 179
85 180 85 191
85 192 85 203
85 204 85 215
85 216 85 227
85 228 85 239
86 0 86 10
86 11 86 21
86 22 86 32
86 33 86 43
86 44 86 54
86 55 86 65
86 77 86 87
86 88 86 98
86 99 86 109
86 110 86 120
86 121 86 131
86 132 86 142
86 154 86 164
86 165 86 175
86 176 86 186
86 209 86 219
86 231 86 241
87 0 87 10
87 22 87 32
87 33 87 43
87 44 87 54
87 55 87 65
87 66 87 76
87 77 87 87
87 88 87 98
87 99 87 109
87 110 87 120
87 121 87 131
87 154 87 164
87 165 87 175
87 176 87 186
87 187 87 197
87 209 87 219
87 220 87 230
87 231 87 241
88 0 88 10
88 11 88 21
88 33 88 43
88 44 88 54
88 77 88 87
88 88 88 98
88 99 88 109
88 110 88 120
88 121 88 131
88 132 88 142
88 143 88 153
88 165 88 175
88 176 88 186
88 187 88 197
88 198 88 208
88 209 88 219
88 220 88 230
88 231 88 241
89 0 89 10
89 22 89 32
89 44 89 54
89 55 89 65
89 66 89 76
89 77 89 87
89 88 89 98
89 99 89 109
89 110 89 120
89 121 89 131
89 143 89 153
89 154 89 164
89 165 89 175
89 176 89 186
89 187 89 197
89 220 89 230
89 231 89 241
90 20 90 29
90 30 90 39
90 40 90 49
90 50 90 59
90 60 90 69
90 70 90 79
90 80 90 89
90 90 90 99
90 100 90 109
90 110 90 119
90 120 90 129
90 130 90 139
90 150 90 159
90 160 90 169
90 170 90 179
90 180 90 189
90 190 90 199
90 200 90 209
90 210 90 219
90 230 90 239
91 0 91 10
91 11 91 21
91 22 91 32
91 33 91 43
91 44 91 54
91 55 91 65
91 66 91 76
91 77 91 87
91 88 91 98
91 99 91 109
91 110 91 120
91 121 91 131
91 132 91 142
91 165 91 175
91 187 91 197
91 198 91 208
91 209 91 219
91 220 91 230
91 231 91 241
92 0 92 11
92 12 92 23
92 24 92 35
92 36 92 47
92 48 92 59
92 60 92 71
92 72 92 83
92 84 92 95
92 120 92 131
92 132 92 143
92 144 92 155
92 156 92 167
92 168 92 179
92 180 92 191
92 192 92 203
92 204 92 215
93 11 93 21
93 22 93 32
93 33 93 43
93 44 93 54
93 55 93 65
93 66 93 76
93 88 93 98
93 99 93 109
93 110 93 120
93 121 93 131
93 132 93 142
93 143 93 153
93 154 93 164
93 165 93 175
93 176 93 186
93 198 93 208
93 209 93 219
93 220 93 230
93 231 93 241
94 0 94 10
94 11 94 21
94 22 94 32
94 33 94 43
94 44 94 54
94 55 94 65
94 66 94 76
94 77 94 87
94 88 94 98
94 99 94 109
94 110 94 120
94 121 94 131
94 132 94 142
94 143 94 153
94 154 94 164
94 165 94 175
94 176 94 186
94 187 94 197
94 198 94 208
94 209 94 219
94 220 94 230
94 231 94 241
95 0 95 10
95 11 95 21
95 22 95 32
95 33 95 43
95 44 95 54
95 66 95 76
95 77 95 87
95 88 95 98
95 99 95 109
95 110 95 120
95 121 95 131
95 132 95 142
95 143 95 153
95 154 95 164
95 165 95 175
95 187 95 197
95 198 95 208
95 209 95 219
95 220 95 230
95 231 95 241
96 0 96 10
96 11 96 21
96 22 96 32
96 33 96 43
96 44 96 54
96 55 96 65
96 77 96 87
96 88 96 98
96 99 96 109
96 110 96 120
96 121 96 131
96 132 96 142
96 143 96 153
96 154 96 164
96 165 96 175
96 176 96 186
96 187 96 197
96 198 96 208
96 220 96 230
96 231 96 241
97 12 97 23
97 24 97 35
97 36 97 47
97 48 97 59
97 60 97 71
97 72 97 83
97 96 97 107
97 120 97 131
97 132 97 143
97 144 97 155
97 156 97 167
97 168 97 179
97 180 97 191
97 192 97 203
97 204 97 215
97 216 97 227
98 0 98 11
98 12 98 23
98 24 98 35
98 36 98 47
98 48 98 59
98 60 98 71
98 72 98 83
98 84 98 95
98 132 98 143
98 144 98 155
98 156 98 167
98 168 98 179
98 180 98 191
98 192 98 203
98 204 98 215
98 228 98 239
99 0 99 11
99 12 99 23
99 24 99 35
99 36 99 47
99 48 99 59
99 60 99 71
99 84 99 95
99 96 99 107
99 132 99 143
99 144 99 155
99 156 99 167
99 168 99 179
99 180 99 191
99 204 99 215
99 216 99 227
100 0 100 10
100 11 100 21
100 22 100 32
100 44 100 54
100 55 100 65
100 66 100 76
100 77 100 87
100 88 100 98
100 99 100 109
100 121 100 131
100 132 100 142
100 143 100 153
100 154 100 164
100 165 100 175
100 187 100 197
100 198 100 208
100 209 100 219
100 220 100 230
100 231 100 241
101 0 101 10
101 11 101 21
101 22 101 32
101 33 101 43
101 55 101 65
101 66 101 76
101 77 101 87
101 88 101 98
101 99 101 109
101 110 101 120
101 121 101 131
101 132 101 142
101 165 101 175
101 187 101 197
101 198 101 208
101 209 101 219
101 231 101 241
102 0 102 11
102 12 102 23
102 36 102 47
102 48 102 59
102 72 102 83
102 84 102 95
102 108 102 119
102 120 102 131
102 132 102 143
102 144 102 155
102 156 102 167
102 168 102 179
102 180 102 191
102 204 102 215
102 216 102 227
102 228 102 239
103 0 103 10
103 22 103 32
103 33 103 43
103 44 103 54
103 55 103 65
103 66 103 76
103 77 103 87
103 88 103 98
103 132 103 142
103 143 103 153
103 154 103 164
103 165 103 175
103 198 103 208
103 209 103 219
103 220 103 230
103 231 103 241
104 11 104 21
104 33 104 43
104 44 104 54
104 77 104 87
104 88 104 98
104 99 104 109
104 132 104 142
104 143 104 153
104 154 104 164
104 165 104 175
104 176 104 186
104 198 104 208
104 209 104 219
104 220 104 230
104 231 104 241
105 0 105 11
105 12 105 23
105 24 105 35
105 36 105 47
105 48 105 59
105 60 105 71
105 84 105 95
105 96 105 107
105 108 105 119
105 120 105 131
105 132 105 143
105 144 105 155
105 156 105 167
105 168 105 179
105 180 105 191
105 204 105 215
105 216 105 227
105 228 105 239
106 0 106 10
106 22 106 32
106 33 106 43
106 44 106 54
106 77 106 87
106 88 106 98
106 99 106 109
106 110 106 120
106 121 106 131
106 154 106 164
106 176 106 186
106 187 106 197
106 198 106 208
106 220 106 230
106 231 106 241
107 0 107 10
107 11 107 21
107 33 107 43
107 44 107 54
107 55 107 65
107 66 107 76
107 77 107 87
107 88 107 98
107 110 107 120
107 121 107 131
107 132 107 142
107 143 107 153
107 154 107 164
107 176 107 186
107 187 107 197
107 198 107 208
107 209 107 219
107 220 107 230
107 231 107 241
108 0 108 9
108 20 108 29
108 40 108 49
108 50 108 59
108 70 108 79
108 80 108 89
108 90 108 99
108 100 108 109
108 110 108 119
108 120 108 129
108 140 108 149
108 150 108 159
108 160 108 169
108 170 108 179
108 180 108 189
108 190 108 199
108 210 108 219
108 220 108 229
108 240 108 249
109 0 109 11
109 12 109 23
109 24 109 35
109 36 109 47
109 48 109 59
109 60 109 71
109 72 109 83
109 84 109 95
109 96 109 107
109 108 109 119
109 120 109 131
109 144 109 155
109 156 109 167
109 168 109 179
109 180 109 191
109 228 109 239
110 0 110 11
110 12 110 23
110 36 110 47
110 48 110 59
110 84 110 95
110 96 110 107
110 108 110 119
110 120 110 131
110 132 110 143
110 156 110 167
110 168 110 179
110 180 110 191
110 192 110 203
110 204 110 215
110 216 110 227
111 22 111 32
111 33 111 43
111 44 111 54
111 55 111 65
111 66 111 76
111 77 111 87
111 88 111 98
111 99 111 109
111 110 111 120
111 121 111 131
111 132 111 142
111 143 111 153
111 176 111 186
111 187 111 197
111 198 111 208
111 220 111 230
111 231 111 241
112 0 112 11
112 36 112 47
112 48 112 59
112 60 112 71
112 72 112 83
112 84 112 95
112 96 112 107
112 108 112 119
112 120 112 131
112 132 112 143
112 144 112 155
112 156 112 167
112 168 112 179
112 192 112 203
112 204 112 215
112 216 112 227
112 228 112 239
113 0 113 9
113 20 113 29
113 30 113 39
113 50 113 59
113 60 113 69
113 70 113 79
113 80 113 89
113 100 113 109
113 110 113 119
113 120 113 129
113 130 113 139
113 160 113 169
113 170 113 179
113 180 113 189
113 200 113 209
113 210 113 219
113 220 113 229
113 230 113 239
114 0 114 11
114 12 114 23
114 24 114 35
114 36 114 47
114 48 114 59
114 60 114 71
114 72 114 83
114 84 114 95
114 96 114 107
114 108 114 119
114 120 114 131
114 132 114 143
114 144 114 155
114 156 114 167
114 168 114 179
114 180 114 191
114 192 114 203
114 204 114 215
115 0 115 11
115 12 115 23
115 24 115 35
115 36 115 47
115 48 115 59
115 60 115 71
115 84 115 95
115 96 115 107
115 108 115 119
115 120 115 131
115 132 115 143
115 144 115 155
115 168 115 179
115 180 115 191
115 204 115 215
115 216 115 227
115 228 115 239
116 11 116 21
116 33 116 43
116 44 116 54
116 55 116 65
116 66 116 76
116 77 116 87
116 88 116 98
116 99 116 109
116 110 116 120
116 121 116 131
116 132 116 142
116 143 116 153
116 154 116 164
116 165 116 175
116 176 116 186
116 187 116 197
116 198 116 208
116 231 116 241
117 0 117 11
117 12 117 23
117 36 117 47
117 48 117 59
117 60 117 71
117 72 117 83
117 96 117 107
117 120 117 131
117 132 117 143
117 144 117 155
117 168 117 179
117 180 117 191
117 192 117 203
117 204 117 215
117 216 117 227
117 228 117 239
118 0 118 9
118 10 118 19
118 30 118 39
118 50 118 59
118 60 118 69
118 70 118 79
118 80 118 89
118 100 118 109
118 110 118 119
118 120 118 129
118 130 118 139
118 140 118 149
118 150 118 159
118 160 118 169
118 170 118 179
118 180 118 189
118 190 118 199
118 200 118 209
118 210 118 219
118 220 118 229
118 240 118 249
119 12 119 23
119 24 119 35
119 36 119 47
119 48 119 59
119 60 119 71
119 72 119 83
119 84 119 95
119 96 119 107
119 120 119 131
119 132 119 143
119 144 119 155
119 180 119 191
119 192 119 203
119 204 119 215
119 216 119 227
119 228 119 239
120 0 120 9
120 10 120 19
120 20 120 29
120 30 120 39
120 40 120 49
120 50 120 59
120 60 120 69
120 80 120 89
120 90 120 99
120 100 120 109
120 120 120 129
120 130 120 139
120 140 120 149
120 170 120 179
120 180 120 189
120 190 120 199
120 200 120 209
120 210 120 219
120 220 120 229
120 230 120 239
120 240 120 249
121 0 121 11
121 12 121 23
121 36 121 47
121 60 121 71
121 84 121 95
121 96 121 107
121 108 121 119
121 120 121 131
121 132 121 143
121 156 121 167
121 168 121 179
121 192 121 203
121 204 121 215
121 216 121 227
121 228 121 239
122 11 122 21
122 22 122 32
122 44 122 54
122 55 122 65
122 66 122 76
122 77 122 87
122 88 122 98
122 110 122 120
122 121 122 131
122 132 122 142
122 154 122 164
122 165 122 175
122 187 122 197
122 198 122 208
122 209 122 219
122 220 122 230
122 231 122 241
123 12 123 23
123 24 123 35
123 36 123 47
123 48 123 59
123 60 123 71
123 84 123 95
123 96 123 107
123 108 123 119
123 120 123 131
123 132 123 143
123 156 123 167
123 168 123 179
123 180 123 191
123 192 123 203
123 204 123 215
123 216 123 227
123 228 123 239
124 0 124 10
124 11 124 21
124 44 124 54
124 55 124 65
124 66 124 76
124 99 124 109
124 110 124 120
124 121 124 131
124 132 124 142
124 143 124 153
124 154 124 164
124 165 124 175
124 176 124 186
124 198 124 208
124 231 124 241
125 0 125 10
125 11 125 21
125 22 125 32
125 33 125 43
125 77 125 87
125 88 125 98
125 99 125 109
125 110 125 120
125 121 125 131
125 132 125 142
125 154 125 164
125 165 125 175
125 176 125 186
125 187 125 197
125 198 125 208
125 209 125 219
125 231 125 241
126 12 126 23
126 36 126 47
126 72 126 83
126 84 126 95
126 96 126 107
126 108 126 119
126 132 126 143
126 144 126 155
126 180 126 191
126 192 126 203
126 204 126 215
126 216 126 227
127 0 127 10
127 11 127 21
127 22 127 32
127 33 127 43
127 44 127 54
127 55 127 65
127 66 127 76
127 77 127 87
127 99 127 109
127 110 127 120
127 121 127 131
127 132 127 142
127 143 127 153
127 165 127 175
127 176 127 186
127 187 127 197
127 198 127 208
127 209 127 219
127 220 127 230
127 231 127 241
128 0 128 11
128 12 128 23
128 24 128 35
128 36 128 47
128 48 128 59
128 60 128 71
128 72 128 83
128 84 128 95
128 96 128 107
128 108 128 119
128 132 128 143
128 144 128 155
128 156 128 167
128 168 128 179
128 180 128 191
128 192 128 203
128 204 128 215
128 216 128 227
129 24 129 35
129 48 129 59
129 60 129 71
129 84 129 95
129 96 129 107
129 108 129 119
129 120 129 131
129 156 129 167
129 168 129 179
129 192 129 203
129 204 129 215
129 216 129 227
129 228 129 239
130 0 130 11
130 24 130 35
130 48 130 59
130 60 130 71
130 72 130 83
130 84 130 95
130 96 130 107
130 108 130 119
130 120 130 131
130 144 130 155
130 156 130 167
130 180 130 191
130 192 130 203
130 204 130 215
130 216 130 227
130 228 130 239
131 0 131 11
131 24 131 35
131 36 131 47
131 60 131 71
131 72 131 83
131 84 131 95
131 96 131 107
131 108 131 119
131 132 131 143
131 144 131 155
131 156 131 167
131 168 131 179
131 192 131 203
131 204 131 215
131 216 131 227
132 0 132 10
132 22 132 32
132 33 132 43
132 44 132 54
132 55 132 65
132 66 132 76
132 77 132 87
132 88 132 98
132 99 132 109
132 110 132 120
132 121 132 131
132 132 132 142
132 143 132 153
132 176 132 186
132 198 132 208
132 209 132 219
132 220 132 230
133 11 133 21
133 22 133 32
133 33 133 43
133 44 133 54
133 55 133 65
133 66 133 76
133 88 133 98
133 99 133 109
133 110 133 120
133 121 133 131
133 132 133 142
133 143 133 153
133 165 133 175
133 176 133 186
133 187 133 197
133 198 133 208
133 209 133 219
133 231 133 241
134 12 134 23
134 24 134 35
134 36 134 47
134 60 134 71
134 72 134 83
134 84 134 95
134 96 134 107
134 108 134 119
134 120 134 131
134 144 134 155
134 156 134 167
134 192 134 203
134 204 134 215
134 216 134 227
134 228 134 239
135 12 135 23
135 24 135 35
135 48 135 59
135 60 135 71
135 72 135 83
135 108 135 119
135 132 135 143
135 144 135 155
135 156 135 167
135 168 135 179
135 180 135 191
135 192 135 203
135 204 135 215
135 216 135 227
135 228 135 239
136 22 136 32
136 55 136 65
136 77 136 87
136 88 136 98
136 110 136 120
136 132 136 142
136 143 136 153
136 154 136 164
136 165 136 175
136 176 136 186
136 187 136 197
136 198 136 208
136 209 136 219
136 220 136 230
137 0 137 10
137 11 137 21
137 22 137 32
137 33 137 43
137 44 137 54
137 55 137 65
137 66 137 76
137 77 137 87
137 99 137 109
137 132 137 142
137 143 137 153
137 154 137 164
137 165 137 175
137 176 137 186
137 187 137 197
137 198 137 208
137 220 137 230
137 231 137 241
138 0 138 11
138 12 138 23
138 36 138 47
138 48 138 59
138 60 138 71
138 72 138 83
138 84 138 95
138 108 138 119
138 120 138 131
138 132 138 143
138 156 138 167
138 168 138 179
138 180 138 191
138 204 138 215
138 216 138 227
138 228 138 239
139 0 139 10
139 11 139 21
139 22 139 32
139 33 139 43
139 44 139 54
139 55 139 65
139 66 139 76
139 77 139 87
139 99 139 109
139 110 139 120
139 121 139 131
139 132 139 142
139 143 139 153
139 165 139 175
139 176 139 186
139 187 139 197
139 209 139 219
140 0 140 11
140 12 140 23
140 24 140 35
140 36 140 47
140 60 140 71
140 72 140 83
140 84 140 95
140 120 140 131
140 132 140 143
140 156 140 167
140 168 140 179
140 180 140 191
140 192 140 203
140 204 140 215
140 216 140 227
140 228 140 239
141 0 141 11
141 12 141 23
141 24 141 35
141 36 141 47
141 48 141 59
141 60 141 71
141 72 141 83
141 84 141 95
141 96 141 107
141 108 141 119
141 120 141 131
141 132 141 143
141 144 141 155
141 168 141 179
141 180 141 191
141 204 141 215
142 0 142 11
142 12 142 23
142 24 142 35
142 36 142 47
142 60 142 71
142 72 142 83
142 84 142 95
142 96 142 107
142 108 142 119
142 120 142 131
142 132 142 143
142 144 142 155
142 156 142 167
142 168 142 179
142 192 142 203
142 204 142 215
142 216 142 227
142 228 142 239
143 0 143 10
143 11 143 21
143 22 143 32
143 33 143 43
143 44 143 54
143 77 143 87
143 88 143 98
143 99 143 109
143 110 143 120
143 121 143 131
143 132 143 142
143 143 143 153
143 154 143 164
143 165 143 175
143 176 143 186
143 187 143 197
143 198 143 208
143 209 143 219
143 220 143 230
143 231 143 241
144 0 144 10
144 11 144 21
144 22 144 32
144 33 144 43
144 55 144 65
144 66 144 76
144 77 144 87
144 88 144 98
144 110 144 120
144 132 144 142
144 143 144 153
144 154 144 164
144 165 144 175
144 176 144 186
144 187 144 197
144 198 144 208
144 220 144 230
145 0 145 11
145 24 145 35
145 36 145 47
145 48 145 59
145 72 145 83
145 96 145 107
145 108 145 119
145 132 145 143
145 144 145 155
145 168 145 179
145 180 145 191
145 192 145 203
145 204 145 215
145 216 145 227
145 228 145 239
146 0 146 10
146 11 146 21
146 22 146 32
146 33 146 43
146 44 146 54
146 55 146 65
146 66 146 76
146 77 146 87
146 88 146 98
146 110 146 120
146 132 146 142
146 143 146 153
146 154 146 164
146 165 146 175
146 176 146 186
146 187 146 197
146 198 146 208
146 209 146 219
146 220 146 230
146 231 146 241
147 0 147 10
147 11 147 21
147 33 147 43
147 44 147 54
147 55 147 65
147 66 147 76
147 99 147 109
147 110 147 120
147 121 147 131
147 143 147 153
147 154 147 164
147 165 147 175
147 176 147 186
147 187 147 197
147 198 147 208
147 231 147 241
148 0 148 11
148 12 148 23
148 24 148 35
148 36 148 47
148 48 148 59
148 60 148 71
148 108 148 119
148 120 148 131
148 132 148 143
148 144 148 155
148 168 148 179
148 204 148 215
148 216 148 227
148 228 148 239
149 20 149 29
149 30 149 39
149 50 149 59
149 60 149 69
149 70 149 79
149 90 149 99
149 100 149 109
149 110 149 119
149 120 149 129
149 140 149 149
149 150 149 159
149 160 149 169
149 180 149 189
149 190 149 199
149 200 149 209
149 210 149 219
149 220 149 229
149 230 149 239
149 240 149 249
150 11 150 21
150 22 150 32
150 44 150 54
150 55 150 65
150 66 150 76
150 77 150 87
150 88 150 98
150 99 150 109
150 121 150 131
150 132 150 142
150 154 150 164
150 176 150 186
150 209 150 219
150 220 150 230
151 0 151 11
151 24 151 35
151 36 151 47
151 48 151 59
151 60 151 71
151 72 151 83
151 96 151 107
151 108 151 119
151 120 151 131
151 132 151 143
151 144 151 155
151 156 151 167
151 180 151 191
151 192 151 203
151 204 151 215
151 216 151 227
151 228 151 239
152 0 152 11
152 12 152 23
152 24 152 35
152 48 152 59
152 60 152 71
152 72 152 83
152 84 152 95
152 108 152 119
152 120 152 131
152 144 152 155
152 168 152 179
152 180 152 191
152 192 152 203
152 204 152 215
153 0 153 11
153 12 153 23
153 24 153 35
153 36 153 47
153 48 153 59
153 60 153 71
153 84 153 95
153 96 153 107
153 108 153 119
153 120 153 131
153 144 153 155
153 156 153 167
153 180 153 191
153 192 153 203
153 204 153 215
153 228 153 239
154 0 154 10
154 22 154 32
154 55 154 65
154 66 154 76
154 88 154 98
154 99 154 109
154 110 154 120
154 121 154 131
154 132 154 142
154 143 154 153
154 154 154 164
154 165 154 175
154 176 154 186
154 198 154 208
154 209 154 219
154 231 154 241
155 11 155 21
155 22 155 32
155 33 155 43
155 44 155 54
155 55 155 65
155 66 155 76
155 77 155 87
155 99 155 109
155 110 155 120
155 121 155 131
155 132 155 142
155 143 155 153
155 165 155 175
155 176 155 186
155 187 155 197
155 198 155 208
155 209 155 219
155 220 155 230
156 12 156 23
156 24 156 35
156 36 156 47
156 48 156 59
156 72 156 83
156 96 156 107
156 108 156 119
156 120 156 131
156 132 156 143
156 144 156 155
156 168 156 179
156 180 156 191
156 204 156 215
156 216 156 227
156 228 156 239
157 0 157 10
157 11 157 21
157 22 157 32
157 44 157 54
157 55 157 65
157 66 157 76
157 77 157 87
157 88 157 98
157 99 157 109
157 110 157 120
157 132 157 142
157 143 157 153
157 154 157 164
157 165 157 175
157 176 157 186
157 198 157 208
157 209 157 219
157 220 157 230
158 0 158 10
158 11 158 21
158 22 158 32
158 33 158 43
158 44 158 54
158 55 158 65
158 77 158 87
158 88 158 98
158 99 158 109
158 110 158 120
158 132 158 142
158 143 158 153
158 154 158 164
158 165 158 175
158 176 158 186
158 187 158 197
158 198 158 208
158 209 158 219
158 220 158 230
158 231 158 241
159 11 159 21
159 22 159 32
159 33 159 43
159 44 159 54
159 55 159 65
159 66 159 76
159 77 159 87
159 88 159 98
159 99 159 109
159 110 159 120
159 121 159 131
159 154 159 164
159 165 159 175
159 176 159 186
159 198 159 208
159 209 159 219
160 0 160 11
160 24 160 35
160 36 160 47
160 48 160 59
160 60 160 71
160 84 160 95
160 96 160 107
160 108 160 119
160 120 160 131
160 132 160 143
160 144 160 155
160 156 160 167
160 168 160 179
160 192 160 203
160 204 160 215
160 216 160 227
161 0 161 10
161 11 161 21
161 22 161 32
161 33 161 43
161 44 161 54
161 99 161 109
161 110 161 120
161 121 161 131
161 132 161 142
161 143 161 153
161 154 161 164
161 165 161 175
161 176 161 186
161 187 161 197
161 198 161 208
161 209 161 219
161 220 161 230
161 231 161 241
162 0 162 10
162 11 162 21
162 22 162 32
162 33 162 43
162 44 162 54
162 66 162 76
162 77 162 87
162 88 162 98
162 99 162 109
162 110 162 120
162 132 162 142
162 143 162 153
162 176 162 186
162 198 162 208
162 209 162 219
162 220 162 230
162 231 162 241
163 0 163 10
163 11 163 21
163 22 163 32
163 33 163 43
163 55 163 65
163 66 163 76
163 88 163 98
163 99 163 109
163 110 163 120
163 121 163 131
163 132 163 142
163 165 163 175
163 176 163 186
163 187 163 197
163 198 163 208
163 209 163 219
163 220 163 230
163 231 163 241
164 12 164 23
164 24 164 35
164 36 164 47
164 48 164 59
164 72 164 83
164 84 164 95
164 96 164 107
164 108 164 119
164 120 164 131
164 132 164 143
164 144 164 155
164 156 164 167
164 168 164 179
164 180 164 191
164 192 164 203
164 204 164 215
164 216 164 227
164 228 164 239
165 0 165 11
165 12 165 23
165 24 165 35
165 36 165 47
165 48 165 59
165 60 165 71
165 72 165 83
165 96 165 107
165 108 165 119
165 120 165 131
165 132 165 143
165 144 165 155
165 168 165 179
165 192 165 203
165 204 165 215
165 228 165 239
166 0 166 10
166 11 166 21
166 22 166 32
166 44 166 54
166 55 166 65
166 66 166 76
166 88 166 98
166 99 166 109
166 154 166 164
166 165 166 175
166 176 166 186
166 187 166 197
166 198 166 208
166 209 166 219
166 220 166 230
167 11 167 21
167 22 167 32
167 33 167 43
167 44 167 54
167 55 167 65
167 66 167 76
167 77 167 87
167 88 167 98
167 99 167 109
167 121 167 131
167 132 167 142
167 143 167 153
167 154 167 164
167 165 167 175
167 176 167 186
167 187 167 197
167 198 167 208
167 209 167 219
167 220 167 230
167 231 167 241
168 0 168 11
168 12 168 23
168 24 168 35
168 36 168 47
168 72 168 83
168 84 168 95
168 96 168 107
168 108 168 119
168 156 168 167
168 168 168 179
168 180 168 191
168 192 168 203
168 204 168 215
168 216 168 227
168 228 168 239
169 0 169 11
169 12 169 23
169 24 169 35
169 36 169 47
169 60 169 71
169 72 169 83
169 96 169 107
169 120 169 131
169 132 169 143
169 144 169 155
169 156 169 167
169 168 169 179
169 180 169 191
169 192 169 203
169 204 169 215
169 216 169 227
169 228 169 239
170 0 170 11
170 24 170 35
170 48 170 59
170 60 170 71
170 72 170 83
170 84 170 95
170 96 170 107
170 108 170 119
170 120 170 131
170 132 170 143
170 144 170 155
170 156 170 167
170 168 170 179
170 180 170 191
170 204 170 215
170 228 170 239
171 0 171 11
171 12 171 23
171 24 171 35
171 36 171 47
171 48 171 59
171 60 171 71
171 72 171 83
171 84 171 95
171 96 171 107
171 108 171 119
171 120 171 131
171 132 171 143
171 144 171 155
171 156 171 167
171 168 171 179
171 180 171 191
171 192 171 203
171 216 171 227
171 228 171 239
172 12 172 23
172 24 172 35
172 36 172 47
172 48 172 59
172 60 172 71
172 72 172 83
172 96 172 107
172 108 172 119
172 120 172 131
172 132 172 143
172 144 172 155
172 180 172 191
172 192 172 203
172 204 172 215
172 216 172 227
172 228 172 239
173 11 173 21
173 22 173 32
173 33 173 43
173 44 173 54
173 55 173 65
173 66 173 76
173 77 173 87
173 88 173 98
173 99 173 109
173 121 173 131
173 132 173 142
173 143 173 153
173 165 173 175
173 187 173 197
173 209 173 219
173 231 173 241
174 0 174 11
174 12 174 23
174 24 174 35
174 36 174 47
174 48 174 59
174 60 174 71
174 72 174 83
174 84 174 95
174 108 174 119
174 120 174 131
174 132 174 143
174 144 174 155
174 156 174 167
174 168 174 179
174 180 174 191
174 192 174 203
174 204 174 215
174 216 174 227
175 0 175 11
175 12 175 23
175 24 175 35
175 36 175 47
175 48 175 59
175 60 175 71
175 72 175 83
175 96 175 107
175 108 175 119
175 120 175 131
175 132 175 143
175 144 175 155
175 168 175 179
175 180 175 191
175 192 175 203
175 204 175 215
175 216 175 227
175 228 175 239
176 0 176 11
176 12 176 23
176 24 176 35
176 36 176 47
176 48 176 59
176 60 176 71
176 72 176 83
176 84 176 95
176 96 176 107
176 108 176 119
176 120 176 131
176 132 176 143
176 144 176 155
176 168 176 179
176 180 176 191
176 192 176 203
176 204 176 215
176 216 176 227
176 228 176 239
177 0 177 10
177 22 177 32
177 33 177 43
177 44 177 54
177 55 177 65
177 66 177 76
177 77 177 87
177 88 177 98
177 99 177 109
177 132 177 142
177 143 177 153
177 154 177 164
177 165 177 175
177 187 177 197
177 198 177 208
177 209 177 219
177 220 177 230
177 231 177 241
178 0 178 9
178 20 178 29
178 30 178 39
178 40 178 49
178 50 178 59
178 70 178 79
178 80 178 89
178 90 178 99
178 100 178 109
178 110 178 119
178 120 178 129
178 130 178 139
178 150 178 159
178 170 178 179
178 200 178 209
178 210 178 219
178 220 178 229
178 230 178 239
178 240 178 249
179 0 179 9
179 10 179 19
179 30 179 39
179 40 179 49
179 50 179 59
179 60 179 69
179 70 179 79
179 80 179 89
179 110 179 119
179 130 179 139
179 140 179 149
179 150 179 159
179 160 179 169
179 170 179 179
179 180 179 189
179 200 179 209
179 210 179 219
179 220 179 229
179 230 179 239
179 240 179 249
180 0 180 10
180 22 180 32
180 33 180 43
180 44 180 54
180 55 180 65
180 66 180 76
180 77 180 87
180 88 180 98
180 110 180 120
180 121 180 131
180 143 180 153
180 154 180 164
180 176 180 186
180 187 180 197
180 209 180 219
180 220 180 230
181 0 181 11
181 12 181 23
181 24 181 35
181 36 181 47
181 48 181 59
181 60 181 71
181 72 181 83
181 84 181 95
181 96 181 107
181 108 181 119
181 132 181 143
181 156 181 167
181 168 181 179
181 180 181 191
181 204 181 215
181 216 181 227
181 228 181 239
182 0 182 11
182 12 182 23
182 24 182 35
182 36 182 47
182 60 182 71
182 72 182 83
182 84 182 95
182 96 182 107
182 108 182 119
182 132 182 143
182 156 182 167
182 180 182 191
182 204 182 215
182 216 182 227
183 0 183 10
183 11 183 21
183 22 183 32
183 33 183 43
183 66 183 76
183 77 183 87
183 88 183 98
183 99 183 109
183 110 183 120
183 143 183 153
183 154 183 164
183 165 183 175
183 176 183 186
183 187 183 197
183 198 183 208
183 209 183 219
183 220 183 230
183 231 183 241
184 11 184 21
184 22 184 32
184 33 184 43
184 44 184 54
184 55 184 65
184 66 184 76
184 88 184 98
184 110 184 120
184 121 184 131
184 132 184 142
184 143 184 153
184 154 184 164
184 165 184 175
184 187 184 197
184 198 184 208
184 209 184 219
184 220 184 230
184 231 184 241
185 0 185 11
185 12 185 23
185 24 185 35
185 36 185 47
185 48 185 59
185 60 185 71
185 72 185 83
185 84 185 95
185 96 185 107
185 108 185 119
185 120 185 131
185 144 185 155
185 156 185 167
185 168 185 179
185 180 185 191
185 192 185 203
185 204 185 215
185 216 185 227
185 228 185 239
186 0 186 10
186 11 186 21
186 22 186 32
186 44 186 54
186 55 186 65
186 66 186 76
186 77 186 87
186 99 186 109
186 110 186 120
186 121 186 131
186 132 186 142
186 143 186 153
186 154 186 164
186 165 186 175
186 176 186 186
186 187 186 197
186 198 186 208
186 209 186 219
186 231 186 241
187 0 187 10
187 11 187 21
187 22 187 32
187 33 187 43
187 55 187 65
187 66 187 76
187 77 187 87
187 99 187 109
187 110 187 120
187 121 187 131
187 132 187 142
187 143 187 153
187 154 187 164
187 165 187 175
187 176 187 186
187 198 187 208
187 209 187 219
187 220 187 230
187 231 187 241
188 0 188 11
188 12 188 23
188 24 188 35
188 36 188 47
188 60 188 71
188 72 188 83
188 84 188 95
188 96 188 107
188 144 188 155
188 156 188 167
188 168 188 179
188 180 188 191
188 192 188 203
188 204 188 215
188 216 188 227
188 228 188 239
189 0 189 9
189 20 189 29
189 30 189 39
189 40 189 49
189 60 189 69
189 70 189 79
189 90 189 99
189 140 189 149
189 150 189 159
189 160 189 169
189 170 189 179
189 180 189 189
189 190 189 199
189 200 189 209
189 220 189 229
189 230 189 239
189 240 189 249
190 0 190 10
190 11 190 21
190 44 190 54
190 66 190 76
190 77 190 87
190 88 190 98
190 110 190 120
190 132 190 142
190 165 190 175
190 176 190 186
190 187 190 197
190 198 190 208
190 209 190 219
190 220 190 230
190 231 190 241
191 0 191 11
191 24 191 35
191 36 191 47
191 48 191 59
191 60 191 71
191 72 191 83
191 84 191 95
191 96 191 107
191 108 191 119
191 120 191 131
191 132 191 143
191 156 191 167
191 168 191 179
191 192 191 203
191 204 191 215
191 216 191 227
191 228 191 239
192 0 192 11
192 12 192 23
192 48 192 59
192 60 192 71
192 72 192 83
192 96 192 107
192 108 192 119
192 120 192 131
192 132 192 143
192 144 192 155
192 156 192 167
192 168 192 179
192 180 192 191
192 192 192 203
192 204 192 215
192 216 192 227
192 228 192 239
193 0 193 11
193 12 193 23
193 24 193 35
193 36 193 47
193 48 193 59
193 60 193 71
193 72 193 83
193 96 193 107
193 108 193 119
193 120 193 131
193 144 193 155
193 156 193 167
193 168 193 179
193 192 193 203
193 204 193 215
193 216 193 227
193 228 193 239
194 0 194 10
194 11 194 21
194 22 194 32
194 44 194 54
194 55 194 65
194 66 194 76
194 77 194 87
194 88 194 98
194 110 194 120
194 121 194 131
194 132 194 142
194 154 194 164
194 165 194 175
194 176 194 186
194 187 194 197
194 220 194 230
194 231 194 241
195 0 195 11
195 12 195 23
195 24 195 35
195 36 195 47
195 48 195 59
195 60 195 71
195 72 195 83
195 84 195 95
195 108 195 119
195 144 195 155
195 168 195 179
195 180 195 191
195 192 195 203
195 204 195 215
195 216 195 227
195 228 195 239
196 22 196 32
196 33 196 43
196 44 196 54
196 66 196 76
196 77 196 87
196 88 196 98
196 99 196 109
196 110 196 120
196 121 196 131
196 165 196 175
196 176 196 186
196 198 196 208
196 209 196 219
196 220 196 230
196 231 196 241
197 0 197 10
197 11 197 21
197 22 197 32
197 44 197 54
197 55 197 65
197 77 197 87
197 99 197 109
197 110 197 120
197 121 197 131
197 132 197 142
197 143 197 153
197 154 197 164
197 165 197 175
197 176 197 186
197 187 197 197
197 198 197 208
197 209 197 219
197 220 197 230
197 231 197 241
198 0 198 11
198 24 198 35
198 60 198 71
198 72 198 83
198 84 198 95
198 96 198 107
198 108 198 119
198 156 198 167
198 168 198 179
198 180 198 191
198 192 198 203
198 204 198 215
198 216 198 227
198 228 198 239
199 12 199 23
199 24 199 35
199 36 199 47
199 48 199 59
199 60 199 71
199 84 199 95
199 120 199 131
199 144 199 155
199 156 199 167
199 168 199 179
199 192 199 203
199 204 199 215
199 216 199 227
199 228 199 239
